              precision    recall  f1-score   support

           0       0.34      0.36      0.35      1000
           1       0.36      0.38      0.37      1000
           2       0.26      0.21      0.23      1000
           3       0.22      0.16      0.19      1000
           4       0.25      0.22      0.24      1000
           5       0.32      0.29      0.31      1000
           6       0.28      0.32      0.30      1000
           7       0.30      0.32      0.31      1000
           8       0.34      0.41      0.37      1000
           9       0.39      0.44      0.41      1000

    accuracy                           0.31     10000
   macro avg       0.31      0.31      0.31     10000
weighted avg       0.31      0.31      0.31     10000
